camera_matrix:
- - 396.3736907412358
  - 0.0
  - 307.158912655188
- - 0.0
  - 402.5537593421136
  - 142.17240551765352
- - 0.0
  - 0.0
  - 1.0
dist_coeff:
- - 0.2646996086835712
  - -0.215922498038184
  - -0.04052128865095895
  - -0.0007361449724971389
  - 0.0
height: 360
width: 640
